1     1     1.0401664972305298     1     0     9e-4
2     1     1.0248980522155762     2     0     9e-4
3     1     1.02510666847229     3     0     9e-4
4     1     1.0263192653656006     4     0     9e-4
5     1     0.9964457750320435     5     0     9e-4
6     1     1.013467788696289     6     0     9e-4
7     1     1.0259419679641724     7     0     9e-4
8     1     1.0161967277526855     8     0     9e-4
9     1     1.0326330661773682     9     0     9e-4
10     2     -0.7694111466407776     1     0     1e-4
11     2     1.7274737358093262     2     0     1e-4
12     2     -0.9014459848403931     3     0     1e-4
13     2     -1.3265407085418701     5     0     1e-4
14     2     -0.9558117389678955     6     0     1e-4
15     2     -1.0610291957855225     8     0     1e-4
16     3     -0.28172096610069275     1     0     1e-4
17     3     0.06790965795516968     2     0     1e-4
18     3     0.11586638540029526     3     0     1e-4
19     3     -0.5290442705154419     5     0     1e-4
20     3     -0.31746265292167664     6     0     1e-4
21     3     -0.3702600300312042     8     0     1e-4
22     4     0.43807199597358704     4     5     64e-6
23     4     0.32904285192489624     4     6     64e-6
24     4     0.9149799346923828     5     7     64e-6
25     4     -0.6424978971481323     6     9     64e-6
26     4     0.8102602362632751     7     8     64e-6
27     4     -0.2567174434661865     8     9     64e-6
28     5     0.23888859152793884     4     5     64e-6
29     5     0.006988691631704569     4     6     64e-6
30     5     -0.09141460061073303     5     7     64e-6
31     5     0.1940273642539978     6     9     64e-6
32     5     -0.010608544573187828     7     8     64e-6
33     5     -0.03256469592452049     8     9     64e-6
