1     1     1.0401664972305298     1     0     9e-4
2     2     -1.0881116390228271     1     0     1e-4
3     3     -0.39841362833976746     1     0     1e-4
4     1     1.0248980522155762     2     0     9e-4
5     2     2.443016767501831     2     0     1e-4
6     3     0.09603875875473022     2     0     1e-4
7     1     1.02510666847229     3     0     9e-4
8     2     -1.2748371362686157     3     0     1e-4
9     3     0.16385981440544128     3     0     1e-4
10     1     1.0263192653656006     4     0     9e-4
11     4     0.6195273399353027     4     5     64e-6
12     5     0.3378394842147827     4     5     64e-6
13     4     0.4653368592262268     4     6     64e-6
14     5     0.009883502498269081     4     6     64e-6
15     1     0.9964457750320435     5     0     9e-4
16     2     1.2603368759155273     5     0     1e-4
17     3     0.17216424643993378     5     0     1e-4
18     1     1.013467788696289     6     0     9e-4
19     2     0.8888994455337524     6     0     1e-4
20     3     0.20520293712615967     6     0     1e-4
21     1     1.0259419679641724     7     0     9e-4
22     4     1.145880937576294     7     8     64e-6
23     5     -0.015002747997641563     7     8     64e-6
24     4     1.2939770221710205     7     5     64e-6
25     5     -0.12927977740764618     7     5     64e-6
26     1     1.0161967277526855     8     0     9e-4
27     2     -1.1387802362442017     8     0     1e-4
28     3     -0.1584927886724472     8     0     1e-4
29     1     1.0326330661773682     9     0     9e-4
30     4     -0.3630532920360565     9     8     64e-6
31     5     -0.046053435653448105     9     8     64e-6
32     4     -0.9086291790008545     9     6     64e-6
33     5     0.274396151304245     9     6     64e-6
