1     1     1.040   1     0     9e-4
2     2     0.716   1     0     1e-4
3     3     0.279   1     0     1e-4
4     1     1.024   2     0     9e-4
5     2     1.630   2     0     1e-4
6     3     0.049   2     0     1e-4
7     1     1.025   3     0     9e-4
8     2     0.850   3     0     1e-4
9     3    -0.114   3     0     1e-4
10    1     1.026   4     0     9e-4
11    4     0.433   4     5     64e-6
12    5     0.235   4     5     64e-6
13    4     0.283   4     6     64e-6
14    5     0.013   4     6     64e-6
15    1     0.996   5     0     9e-4
16    4     0.842   5     7     64e-4
17    5    -0.104   5     7     64e-4
18    1     1.013   6     0     9e-4
19    4     0.633   6     9     64e-4
20    5    -0.178   6     9     64e-4
21    1     1.025   7     0     9e-4
22    4     0.788   7     8     64e-6
23    5    -0.008   7     8     64e-6
24    1     1.016   8     0     9e-4
25    1     1.032   9     0     9e-4
26    4     0.217   9     8     64e-6
27    5     0.023   9     8     64e-6
28    2    -1.250   5     0     1e-4
29    3    -0.500   5     0     1e-4
30    2    -0.900   6     0     1e-4
31    3    -0.300   6     0     1e-4
32    2    -1.000   8     0     1e-4
33    3    -0.350   8     0     1e-4
